Materials: 5
0.1 0.1 0.8 1 0.4 0.1
0.95 0.95 0.95 1 0.4 0.1
0.75 0.75 0.75 1 0.8 0.1
0.2 0.8 0.4 1 1 0
0.9 0.9 0 1 0.05 0.2
Balls: 1
4.3125 0 0.125 2 1
Circles: 3
-1 6 0.25 3
0 7 0.25 3
1 6 0.25 3
Points: 73
-1.5 -1.3
-0.5 -1.4
-0.5 -1.6
-1.5 -1.7
1.5 -1.3
0.5 -1.4
0.5 -1.6
1.5 -1.7
-3 -0.55
-3.25 -0.95
-3 1
-3.25 1
3 -0.55
3.25 -0.95
3 1
3.25 1
4 4
4.125 4
4 -3
4.125 -3
4 -3.125
4.625 -3.125
4.5 -3
4.625 -3
4.5 6
4.625 6
4.125 -0.25
4.5 -0.25
4.5 -0.5
4.125 -0.5
-1.6 8.25
-1.4 8.25
-1.4 8
-1.6 8
-0.6 8.25
-0.4 8.25
-0.4 8
-0.6 8
0.6 8.25
0.4 8.25
0.4 8
0.6 8
1.6 8.25
1.4 8.25
1.4 8
1.6 8
4 -2
4 -2.2
1 -3.5
1 -3.7
-4 -2
-4 -2.2
-1 -3.5
-1 -3.7
-4.2 -2.2
-4.2 4
-4 4
4.5 6.0
4.625 6.0
3.897114317029974 8.25
4.005367492503029 8.3125
2.2500000000000004 9.897114317029974
2.3125000000000004 10.005367492503028
2.755455298081545e-16 10.5
2.831995723028254e-16 10.625
-2.249999999999999 9.897114317029974
-2.312499999999999 10.00536749250303
-3.897114317029973 8.250000000000002
-4.005367492503028 8.312500000000002
-4.5 6.000000000000001
-4.625 6.000000000000001
-3.897114317029975 3.7500000000000013
-4.005367492503029 3.6875000000000013
Polygons: 21
  Points: 4
  8 0 3 9
  Circles: 0
  0
  Points: 4
  8 9 11 10
  Circles: 1
  -3.125 1 0.125
  0
  Points: 4
  4 12 13 7
  Circles: 0
  0
  Points: 4
  12 14 15 13
  Circles: 1
  3.125 1 0.125
  0
  Points: 4
  16 17 19 18
  Circles: 1
  4.0625 4 0.0625
  0
  Points: 4
  18 23 21 20
  Circles: 0
  0
  Points: 4
  24 25 23 22
  Circles: 0
  0
  Points: 4
  30 31 32 33
  Circles: 2
  -1.5 8.25 0.1
  -1.5 8 0.1
  0
  Points: 4
  34 35 36 37
  Circles: 2
  -0.5 8.25 0.1
  -0.5 8 0.1
  0
  Points: 4
  38 39 40 41
  Circles: 2
  0.5 8.25 0.1
  0.5 8 0.1
  0
  Points: 4
  42 43 44 45
  Circles: 2
  1.5 8.25 0.1
  1.5 8 0.1
  0
  Points: 4
  46 47 49 48
  Circles: 0
  4
  Points: 4
  50 52 53 51
  Circles: 0
  4
  Points: 4
  51 54 55 56
  Circles: 0
  0
  Points: 4
  57 59 60 58
  Circles: 0
  0
  Points: 4
  59 61 62 60
  Circles: 0
  0
  Points: 4
  61 63 64 62
  Circles: 0
  0
  Points: 4
  63 65 66 64
  Circles: 0
  0
  Points: 4
  65 67 68 66
  Circles: 0
  0
  Points: 4
  67 69 70 68
  Circles: 0
  0
  Points: 4
  69 71 72 70
  Circles: 0
  0
LeftFlipper
  Points: 4
  0 1 2 3
  Circles: 2
  -.5 -1.5 0.1
  -1.5 -1.5 0.2
  -1.5 -1.5
  1
RightFlipper
  Points: 4
  4 7 6 5
  Circles: 2
  .5 -1.5 0.1
  1.5 -1.5 0.2
  1.5 -1.5
  1
Launchers: 1
  Points: 4
  26 27 28 29
  Travel: 2.5
  MaxVel: 10
  4
Reactions: 4
Bumper Circle 0 100
Bumper Circle 1 100
Bumper Circle 2 100
Teleport scenes//demo.txt 0 8.25 0.25